 5, 3, 0, 2, 1, 1, 1, 0, 0, 0, 0, 0, 0, 0

 0, 1, 2, 3, 4, 5, 6, 7, 8, 9, a, b, c, d,  e,  f
-1, 0, 0, 0, 0, 0, 1, 1, 1, 3, 3, 4, 5, 6, 10, 10

                 |  |             |->
1, 6, 0, 9, 11, 12, 13, 0, 0, 0, 14, 0, 0, 0, 0, 0, 0
0, 1, 2, 3, 4,  5,  6,  7, 8, 9, 10, 11, 12, 13, 14, 15

5,3,0,2,1,1,2


10, 0, 0, 0, 0, 0, 0, 0, 0, 0, 0, 1, 0

 0, 0, 0, 0, 0, 0, 0, 0, 0, 0, 0, 10

 1, 0, 0, 0, 0, 0, 0, 0, 0, 0, 0, 0

2 | 2 2 | 2 2, 2 2 | 0 0, 0 0, 0 0, 0 0
-1, 0, 0, 1, 1, 2, 2, 3, 3, 4, 4, 5, 5, 6, 6

1,3,5,7,9,11,13

0-1-6-d
    7
    8
  2
  3-9
    a-e
      f
  4-b
  5-c

expand 3:
    lookup [3], add [i,i+1)

collapse 10:

get parent of 10:
    modified binary search:
